id,image_url,user_id,nsfw_level,created_at,published_at,tag_ids,image_id
3935223,bb43a8fd-16e9-4a1f-b885-39d82c40e9f1,53928,1,2024-05-06T04:09:17.150Z,2024-05-06T04:09:32.411Z,"5231,112237,120041,111763,114572,3573,531,114923,5110,149130,161863,9143,5232,5262,2309,5448,8447,111754,1271,111898,666,66,321",11665485
