id,image_url,user_id,nsfw_level,created_at,published_at,tag_ids,image_id
3968087,d33f443f-5493-4e6a-a74f-774c8d2d1846,61343,1,2024-05-09T02:49:54.889Z,2024-05-09T02:50:48.431Z,"5231,5232,163135,5181,114923,161831,2641,8447,2309,111763,5448,162034,149130,161864,531,112643,122902,112028,21333,5262,111754,213,111782,3725,112079,66,5133,5163",11931590
3968088,6c9e2957-1747-491a-8e5a-bbac74217a31,61343,1,2024-05-09T02:49:54.682Z,2024-05-09T02:50:48.431Z,"5484,112012,5181,111768,111754,213,66,5133,5163,5231,163135,161831,5232,1284,3573,114923,162034,8447,2309,112643,111763,5448,161864,149130,2641,531,3725,112028,21333,122902,5262,111782",11931589
3968089,d664a92b-f308-4b7b-9075-8d46d2c25a6c,61343,1,2024-05-09T02:49:54.670Z,2024-05-09T02:50:48.431Z,"4650,161864,161831,3573,8447,531,112643,2309,149130,5448,111782,5262,112028,122902,2641,111754,321,111763,213,66,5133,5163",11931588
3968090,ec954a58-7531-4c23-9505-9db045c9dc66,61343,1,2024-05-09T02:49:54.655Z,2024-05-09T02:50:48.431Z,"111754,5484,213,5232,5231,833,66,5133,5163,122113,5448,2671,3819,2954,21333,1676,164270,111763,162034,531,112643,162021,123088,122902,161864,112378,112028,3725,111782",11931587
3968091,f0cf5dc9-e7b9-40af-b4a9-962519b7dae0,61343,1,2024-05-08T03:44:17.279Z,2024-05-08T03:45:14.207Z,"111768,6640,111769,2442,5484,111754,66,322,5133,116755,5262,6728,5148,110401,162157,7337,27182,161817,110302,3624,115513,3800,36092,3643,111506,335,5228,4213",11845918
3968092,15adda44-904d-4696-90eb-57a172e56c88,61343,1,2024-05-08T03:44:17.191Z,2024-05-08T03:45:14.207Z,"66,5484,111754,322,111768,4,5133,116755,5262,6728,115513,162157,110401,27182,335,161817,110302,7337,111506,114242,110434",11845917
3968093,ae13aafe-4fd1-489f-be1e-6eafaf80348e,61343,8,2024-05-08T03:44:17.129Z,2024-05-08T03:45:14.207Z,"66,5484,111754,7620,2397,111753,322,4,111768,5133,116755,5262,6728,115513,161817,110302,110401,335,7337,161816,5148,111506,304,162157,110434,3800,36092,114242,2013,112683",11845916
3968094,0384d999-87ba-4006-8090-ccd2b26308c5,61343,1,2024-05-08T03:44:17.068Z,2024-05-08T03:45:14.207Z,"116755,5133,5262,6728,115513,161817,110401,3624,7337,335,27182,1441,162157,3800,322,5484,111754,66,81,617,111768,5132,111770,5240",11845915
3968095,ade881fd-ed87-42aa-93cf-36042731564b,61343,1,2024-05-07T00:21:46.116Z,2024-05-07T00:22:19.391Z,"414,111794,5662,111839,321,112816,794,7757,116352,161820,2309,9143,8447,111763,3787,5110,120012,1284",11741854
3968096,8917984b-02c6-4371-8ecf-ddbe36d41777,61343,1,2024-05-07T00:21:46.069Z,2024-05-07T00:22:19.391Z,"414,111794,113174,5662,321,116352,2309,21333,111763,120012,8447,111931,9143,5448,112521",11741853
3968097,c9d75343-9122-424a-89b4-1bb0b2c323c0,61343,1,2024-05-07T00:21:46.013Z,2024-05-07T00:22:19.391Z,"414,111794,5662,113174,321,15860,116352,2309,120012,111763,161820,9143,8447,3789,111931,21333,5448",11741852
3968098,4c732b76-656a-4f31-8289-1954bbcbead4,61343,1,2024-05-06T01:57:47.354Z,2024-05-06T01:58:20.776Z,"5484,111754,66,5241,1441,5193,2435,111753,5163,5133,322,2397,112378,118112,3642,5262,7620,120012,3818,114923,5232,122902,112028,162022,111850,151556,161809,1238,1853,122113,5787,5231",11656201
3968099,0e626c3c-4364-43b8-867b-4cb4f8fa0d2e,61343,1,2024-05-06T01:57:47.255Z,2024-05-06T01:58:20.776Z,"5484,111754,66,5241,1441,833,5193,2435,112680,111790,111830,4409,114923,5232,120244,5262,7659,3818,112378,1853,140568,3642,531,1238,111782,108537,5231",11656200
3968100,6bb6891b-2de6-4898-86e2-0b9158a9b890,61343,1,2024-05-05T04:50:41.852Z,2024-05-05T04:51:35.582Z,"5262,111936,135059,5109,2641,1676,2670,122902,162246,116352,120012,114923,7337,5231,66,393,5484,111754",11572135
3968101,1b3505e4-740c-4d1b-ab3c-7be3b07edfde,61343,1,2024-05-04T00:20:30.301Z,2024-05-04T00:20:54.912Z,"3725,111782,322,7660,111768,2893,111990,1895,111779,5232,8688,1238,5140,122902,5262,531,120012,5231",11469856
3968102,4193f13a-f65f-4d16-a12b-ba7000bffe94,61343,1,2024-05-04T00:20:30.176Z,2024-05-04T00:20:54.912Z,"322,7660,66,5484,111754,5241,1441,8688,1238,122902,151556,5262,118112,531",11469855
3968103,02b0ec22-0c14-4f3f-abe1-e41960c40ef6,61343,1,2024-05-04T00:20:30.112Z,2024-05-04T00:20:54.912Z,"322,7660,111768,2893,111990,112878,5484,111754,66,5241,1441,5262,118112,122902,151556,1238,531,112378,5140,1723,5232,114923,115513,115318,8688,5772,5231",11469854
3968104,27c79fbd-e23d-489d-86b7-1674245ef377,61343,2,2024-05-04T00:19:00.672Z,2024-05-04T00:19:19.567Z,"3647,1421,2113,5148,1238,112176,6610,161864,3787,430,5453,5262,5163,5133,66,5484,111754,970,111782,5193,111849,111962,8628,224753,224749,224752,224750,224751,6924",11469773
3968105,39d57115-70ec-4fff-a5fb-8f14e6d5c324,61343,2,2024-05-04T00:19:00.623Z,2024-05-04T00:19:19.567Z,"5163,5133,66,7620,2397,111753,5484,111754,970,111782,111760,224749,224752,224753,6924,1421,5148,5262,110401,5228,3647,122902,132613,5787,112176,5785,3787,1238,161863,161864,430,5784,5798,346,162037,3643",11469772
3968106,2dc19447-5e4e-48b4-8b05-88929156e3b2,61343,4,2024-05-04T00:17:11.563Z,2024-05-04T00:17:45.657Z,"833,8688,5193,5163,66,5484,111754,2435,322,81,224753,224749,224752,224750,224751,6924,5133,5148,126752,110401,1930,161851,1238,4245,3624,115513,158069,129015,162301,5262,531,5983,111942",11469612
3968107,e1767109-c03f-43ec-95f7-c612eb65e434,61343,2,2024-05-04T00:17:11.556Z,2024-05-04T00:17:45.657Z,"5163,5133,66,5484,111754,111760,224749,224752,224753,6924,120020,5148,1930,1238,3624,5784,161943,129015,6505,5262,531,5983",11469611
3968108,74c9075d-99df-490a-a165-d7e8a47bda79,61343,1,2024-05-03T08:22:53.591Z,2024-05-03T08:23:42.556Z,"5163,5231,5232,66,433,8447,143215,5449,112953,111763,111931,531,5262,21333",11410137
3968109,12ab8e27-2c54-47c4-868f-d79ff88c4ed5,61343,8,2024-05-03T05:44:53.967Z,2024-05-03T05:45:19.959Z,"5133,5262,3624,115513,5228,163162,3226,66,5484,111754,322,81,4,161816,114242,304,335,161817,7337,115460,27182,3626,5772,5148,130570,110302,134000,3627,2013,112683",11401019
3968110,25ea2b30-38a7-4685-8b11-1b48b2af8b28,61343,1,2024-05-03T05:41:09.270Z,2024-05-03T05:41:36.683Z,"116352,5448,1284,111763,213,321,7757,111768,2893,111990,2309,8447,111864,149130,5207,8363,111999",11400811
3968111,7408f7f7-e3fd-411e-ae53-502a9cd04f23,61343,1,2024-05-03T05:41:09.250Z,2024-05-03T05:41:36.683Z,"116352,2309,5448,1284,8447,111999,149130,111864,111810,111763,5207,8363,111794,321,7757,213",11400810
3968112,21a1040e-f536-4f5d-b101-2a0f3784a041,61343,1,2024-05-03T05:41:09.193Z,2024-05-03T05:41:36.683Z,"2309,5448,8447,111864,149130,1284,5262,111763,112521,531,8363,111999,161872,5232,5231,321,7757,66,213",11400809
3968113,1ee108d4-56e1-4566-9077-ca73dbb40cc8,61343,1,2024-05-03T05:41:09.148Z,2024-05-03T05:41:36.683Z,"116352,2309,5448,8447,149130,111864,1284,111763,5207,448,8363,21333,4794,111757,111758,111768,2893,111990,321",11400808
3968114,a18d4dc2-55a7-4183-99c1-c02abd266a01,61343,1,2024-05-03T05:37:22.368Z,2024-05-03T05:38:01.477Z,"321,111763,2309,66,414,111794,111999,112000,8447,143215,111864,5448,116352,5449,112521,111931,433",11400589
3968115,8dc1ecef-a17d-4c61-9022-d4567d1f5a29,61343,1,2024-05-03T05:37:21.955Z,2024-05-03T05:38:01.477Z,"414,111794,111999,112000,112521,321,111763,66,111810,116352,2309,8447,5448,143215,111864,5449,1284",11400587
3968116,6c0dff43-c1c5-4c39-a26b-0b8920446097,61343,1,2024-05-03T05:37:21.933Z,2024-05-03T05:38:01.477Z,"8447,5448,112521,321,111763,414,111794,111999,112000,5163,6652,5133,66,111778,2309,5262,161872,111864,531,143215",11400586
3968117,e4edcd70-dbe8-47c9-a606-241b1dbc1119,61343,1,2024-05-02T08:27:32.726Z,2024-05-02T08:28:15.788Z,"111768,112747,112746,111839,116352,161817,5181,5262,7337,111893,531,1891,161871,128747,5248,1238,163408,112004",11318227
3968118,10199a2f-7925-47ca-a0d8-5f4c37c79921,61343,1,2024-05-02T08:27:32.703Z,2024-05-02T08:28:15.788Z,"111768,5181,112146,112147,112148,112149,116352,128747,111763,5248,161871,9143,5262,111893,1238,531,143215",11318226
3968119,3ce5fcec-1db4-42df-99aa-78a8201ba6d9,61343,1,2024-05-02T08:27:32.505Z,2024-05-02T08:28:15.788Z,"116352,3350,321,111763,143276,531,5262,5181,128747,390,143215,112746,111839,112747,1891,113101",11318225
3968120,79acbd35-d9a9-44e0-910e-ffe3d8cdf4e7,61343,1,2024-05-02T08:25:27.360Z,2024-05-02T08:26:19.313Z,"112746,111839,322,81,1891,112747,116352,161817,111893,1676,122902,7337,120594,111857",11318093
3968121,7c744b44-e356-4b12-b965-646a88723e29,61343,1,2024-05-02T08:25:27.228Z,2024-05-02T08:26:19.313Z,"112746,111839,112747,1891,390,321,9143,111763,116352,2309,111893,143215,116755",11318092
3968122,7aa1e0ac-54c9-4044-8643-480c5f82fc3b,61343,1,2024-05-02T06:58:52.615Z,2024-05-02T06:59:43.264Z,"321,111763,8447,2309,111839,9143,111864,112282,3257,8363,15860,5110,116352,390,666,111940,2879,3789",11313803
3968123,b6423260-5dc7-4175-95e5-485aa4cbe265,61343,1,2024-05-02T06:58:52.524Z,2024-05-02T06:59:43.264Z,"112505,112506,111865,116352,2309,8447,111763,111864,9143,321,666,390,111940,2879",11313802
3968124,15bb5b1a-c7e9-46ce-b576-71ccf5f7a60c,61343,1,2024-05-02T06:58:52.460Z,2024-05-02T06:59:43.264Z,"2309,111865,111866,111886,1853,111887,112505,112506,111822,116352,111864,9143,8447,111763,321,390,666,111940,3257,8363",11313801
3968125,6c68c209-553c-419f-939b-81eef8d3427f,61343,1,2024-04-29T06:57:14.065Z,2024-04-29T06:58:14.024Z,"321,322,8363,5304,112046,116352,2309,112351,9143,666,143215,8447,5448,111763,5449,150229,24083",11053872
3968126,5806435f-5fa6-40b8-ab76-a48e1d3a2ab9,61343,2,2024-04-29T06:55:24.998Z,2024-04-29T06:55:47.353Z,"5133,5148,5262,5163,66,322,81,5484,111754,5193,111849,8628,833,111753,5241,1441,224749,224752,224753,224750,224751,6924,1676,1675,1930,3643,5784,5787,5942,5228,111785,1238,127090,115062,144823,161889,116297,115513,161816",11053755
3968127,9fc5bf46-db61-4c3f-b3a7-dc68f65a578a,61343,1,2024-04-29T06:54:05.718Z,2024-04-29T06:54:29.822Z,"5262,1676,833,5163,5133,66,5193,1930,111761,111939,322,81,5484,111754,112378,111849,8628,529,1238,116297,112500,531,5773,122113,154196,115513,162297,7337",11053693
3968128,243105e3-42c5-47cb-9c87-6768f52d69ce,61343,1,2024-04-29T06:36:29.113Z,2024-04-29T06:37:12.809Z,"120975,5262,2043,5785,123744,120012,3642,4409,115724,115693,113044,5163,5133,66,5484,111754,5241,1441,4211,5772,111759,112036,5787,322,7660,81",11052764
3968129,6476417f-4fe7-4135-aeb9-a9624e6e3ee5,61343,1,2024-04-29T06:33:58.633Z,2024-04-29T06:34:58.135Z,"1463,322,5163,66,81,5484,111754,5193,111849,8628,5133,5262,137791,127090,5148,3643,1930,1676,1238,112635,115513,117108,531,4213,111782",11052643
3968130,70aa5406-1ec9-4291-afd6-b85647bfeaac,61343,1,2024-04-29T06:31:18.533Z,2024-04-29T06:31:57.422Z,"5169,111782,3725,5262,3628,120012,5232,114923,161865,154711,531,110770,131402,110771,6870,121096,3819,1238,126752,5231,66,6491",11052549
3968131,96a19459-afbb-42d4-a7e3-d0000a092df7,61343,2,2024-04-29T06:29:42.251Z,2024-04-29T06:30:38.164Z,"5163,66,7802,5484,111754,111759,5787,5942,161965,3656,115513,15772,158854,15860,112359,110937,161809,131388,115187,163123,5133,112529,5148,118100,161907,5262,3643,6350,5228,7620,112635,5784,9090,1930,116234,111976,5798,115460,162202,5773,120222,6924",11052494
3968132,6de830e1-9922-4ab0-887d-c1dd5c228f67,61343,2,2024-04-29T05:51:55.765Z,2024-04-29T05:52:28.489Z,"5133,111782,5163,66,5484,111754,7620,2397,111753,111760,5193,111849,111962,8628,5148,970,3647,6610,1421,5262,430,161864,122902,110401,5453,1238,346,161863,2113,162037,49,112176,8447,5787,5785,3643,355,163569,4213,5784,3787,6924",11050590
3968133,4eff6227-df9d-4e32-b86f-b415bd959271,61343,1,2024-04-29T05:49:29.589Z,2024-04-29T05:50:20.254Z,"112175,111782,5193,111783,5163,66,970,6046,5484,111754,5241,1441,5232,5140,4409,114923,5262,5231,112176,111849,8628,94,111768,5181",11050445
3968134,b21c0976-08de-40e0-8959-025da99aa813,61343,1,2024-04-16T00:16:08.274Z,2024-04-16T00:16:48.817Z,"112521,321,111763,112387,111864,112505,112506,111931,2309,55,414,111794,111999,112000,116352,8447,5448,111810,143215,5449",9975722
4102479,4b4ff30b-bbf4-4b2c-9a09-c8ebb510ab38,61343,1,2024-05-10T05:46:47.795Z,2024-05-10T05:47:40.461Z,"111768,2893,111990,321,66,5448,5499,8447,111763,2309,149130,111864,531,143215,116352,5207,112521",12033306
4102480,07f3e133-8eac-494b-96bd-a5dcc8bcfb6b,61343,1,2024-05-10T05:46:47.097Z,2024-05-10T05:47:40.461Z,"531,161872,5448,2309,5232,1284,5668,8447,2325,3573,666,111864,149130,132433,5816,5231,5163,6652,5133,66,111778,111763,321,5499",12033303
4102481,6394066d-4fbf-413a-a585-667f5b2c4eb0,61343,1,2024-05-10T05:46:46.958Z,2024-05-10T05:47:40.461Z,"414,111794,111999,112000,321,111763,111822,666,111768,5181,2309,116352,8447,5448,143215,111864,112521,5449,8363,111931",12033301
